69015093121
72019300117
72026723224
72032999999
72033353175
72040600135
72057600174
72061400205
72061500206
72064500227
72065200433
72068199999
72068799999
72095299999
72281023199
72286023119
72286699999
72286893138
72286903171
72287493134
72288023152
72288593197
72288623130
72288703180
72289523243
72289793206
72289903179
72290023188
72290303131
72290403178
72290753143
72290993115
72292603154
72292703177
72292800369
72293193107
72293453121
72295023174
72295303183
72295503174
72295603167
72297023129
72297553141
72297603166
72297793184
72317153144
72376293244
72380523179
72381023114
72381523161
72381603159
72382023182
72382523131
72383023187
72384023155
72389093193
72389403181
72389523149
72389693144
72389799999
72389853119
72391093111
72392523190
72392623136
72392793110
72393093214
72394023273
72396593209
72480023157
72481023203
72481523257
72482893241
72483023232
72483323206
72483623208
72483793216
72483893205
72483993225
72491523259
72491699999
72492023237
72492623258
72492723285
72493723289
72493893231
72494023234
72494523293
72494693232
72495023254
72495593227
72495723213
72497393203
72583799999
72584523225
72584693201
72584793230
72585093228
72590523275
72591024216
72592024257
72593023233
72594024213
72594524283
72594624286
72595524259
72595724215
72595894299
74504693242
74504893210
74505653120
74505753130
74505823277
74509023244
74516023202
74611003182
74612093104
74702023110
74704003102
74704303165
74718503144
74718703104
74718823158
74917100479
74917900392
74948400395
74948500396
74948600397
99401899999
99402899999
99404199999
99404499999
99799799999
99801199999
99801399999
99847599999
99847899999
99849699999
99999904222
99999923122
99999953139
99999953150
99999953151
99999953152
99999993243
A0685400115
A0704900320
A0705300346
